-52.7013
-76.7306
-82.6002
-82.2815
-81.0316
-82.7808
-82.4626
-82.6423
-82.202
-82.9337
-81.738
-81.0754
-81.2012
-81.8423
-82.9671
-82.3781
-78.2639
-75.5543
-78.904
-77.1841
-73.5366
-76.2849
-52.9989
-44.0461
-35.5529
-28.0234
-25.288
-33.6984
-40.6783
-35.7867
-31.1309
-28.1249
-27.0134
-28.0277
-31.027
-34.1977
-37.0659
-38.0317
-37.7186
-37.845
-39.4252
-43.0211
-34.2046
-26.8073
-23.6698
-26.7331
-32.1639
-32.7292
-33.6486
-35.0003
-34.4023
-33.7121
-33.207
-33.0508
-34.2874
-38.9049
-48.7339
-53.3114
-36.2305
-38.8718
-33.3641
-32.0982
-31.4755
-30.6539
-28.8897
-26.8153
-27.4368
-30.5457
-30.5433
-28.4883
-29.2339
-31.6786
-30.893
-31.4576
-37.3375
-41.2362
-42.8725
-40.0725
-43.002
-43.8389
-42.8762
-41.974
-36.665
-30.4939
-24.616
-22.299
-21.5648
-23.0676
-29.0421
-37.5496
-47.483
-50.5655
-49.3632
-49.2506
-48.0129
-47.337
-49.2265
-48.0347
-49.5858
-52.1865
-35.0702
-30.2754
-29.2924
-32.4792
-31.4789
-29.6807
-31.8594
-38.2447
-43.886
-52.2342
-67.6489
-76.4534
-66.4078
-54.294
-49.0534
-47.3714
-40.2864
-45.6057
-46.1011
-41.6696
-40.5993
-39.6611
-38.8084
-39.723
-58.1719
-79.1702
-56.6615
-42.8113
-39.7612
-36.7682
-36.2253
-38.2355
-39.4424
-42.4028
-47.1661
-50.8312
-66.8146
-73.6427
-80.6177
-79.1106
-67.7893
-43.4291
-44.8178
-45.3522
-47.3597
-47.2024
-43.8186
-37.91
-33.056
-27.6396
-28.8803
-30.3273
-30.8361
-30.5038
-31.252
-32.9186
-33.9355
-34.8192
-35.7263
-37.1654
-39.8221
-43.2968
-48.5502
-67.3746
-76.931
-79.0216
-78.2042
-43.1057
-39.1521
-51.6467
-54.4865
-44.5614
-39.0277
-38
-37.8846
-39.7098
-45.3756
-57.0844
-43.9496
-35.1426
-37.8094
-47.7363
-67.6411
-75.8086
-78.7702
-56.3268
-35.5597
-37.2051
-40.218
-47.2425
-49.4901
-37.952
-30.5276
-26.9884
-27.1957
-27.7965
-28.1443
-29.1528
-31.5809
-39.0679
-48.0375
-66.8629
-69.6705
-59.5762
-59.6994
-47.6068
-40.6692
-32.1438
-28.4063
-28.9811
-32.5642
-39.181
-35.2593
-37.1309
-40.1891
-41.4812
-39.469
-39.4324
-39.0233
-45.1544
-67.4938
-73.1855
-66.0656
-37.0594
-42.3078
-36.2016
-35.7849
-36.909
-37.5156
-38.4998
-40.2147
-43.9621
-51.0817
-56.0929
-62.2724
-62.5656
-68.4615
-74.6634
-76.1707
-78.3569
-79.771
-81.4357
-81.8376
-81.3344
-82.7118
-81.9791
-82.1275
-82.1475
-79.9599
-80.0999
-81.5165
-79.9253
-80.5455
-81.3002
-80.7552
-82.2811
-80.9319
-79.9899
-81.5609
-81.0143
-79.1307
-82.5212
-81.5113
-80.8248
-81.4606
