0.998479
0.795487
0.259737
0.355439
0.465583
0.223558
0.251473
0.217319
0.235854
0.267092
0.342497
0.553035
0.382516
0.379653
0.230126
0.361596
0.558623
0.450532
0.694466
0.65518
0.511939
0.788445
0.550539
0.385999
0.223172
0.0765915
0.263034
0.358846
0.580754
0.866392
0.924956
0.953228
0.953264
0.961973
0.94946
0.937386
0.956499
0.991118
0.99346
0.993487
0.989729
0.614135
0.0579386
0.00190805
0.145722
0.283126
0.871304
0.888319
0.830969
0.915413
0.993648
0.995331
0.995671
0.995928
0.996275
0.996749
0.996072
0.500039
0.498007
0.639141
0.928971
0.917552
0.919545
0.940251
0.956243
0.977066
0.980036
0.967095
0.959633
0.97287
0.970114
0.964729
0.956899
0.953779
0.955011
0.917535
0.853568
0.805556
0.75454
0.708989
0.798612
0.845003
0.95384
0.957825
0.952004
0.950696
0.95283
0.961759
0.969833
0.973484
0.862853
0.57661
0.402569
0.219599
0.0878616
0.22179
0.355537
0.690112
0.716882
0.825979
0.984723
0.983112
0.98184
0.972018
0.968747
0.966912
0.963947
0.96835
0.97641
0.989743
0.970825
0.725302
0.816947
0.727732
0.822779
0.925971
0.984134
0.832049
-0.389307
-0.582011
-0.719366
-0.771653
-0.757895
-0.832685
-0.772622
0.517776
0.472505
0.182803
0.0629986
0.95933
0.89895
0.84643
0.733138
0.748116
0.889795
0.983439
0.972889
0.903133
0.47001
0.669058
0.794266
0.959241
0.684576
0.624639
0.561258
0.492365
0.664429
0.920369
0.975014
0.979753
0.970805
0.960088
0.963098
0.974494
0.976514
0.977892
0.979052
0.984369
0.986556
0.986346
0.985434
0.986116
0.989371
0.936995
0.295166
0.452191
0.763629
0.846472
0.840266
0.737416
0.806694
0.995825
0.996633
0.996588
0.996871
0.996983
0.997264
0.991705
0.925905
0.90914
0.888324
0.844014
0.927311
0.795483
0.670765
0.800557
0.926488
0.923566
0.886153
0.878533
0.927554
0.984531
0.975895
0.96366
0.958456
0.953589
0.946229
0.924744
0.885085
0.841373
0.867704
0.843847
0.86007
0.918539
0.964303
0.973594
0.966566
0.964496
0.968244
0.964228
0.975484
0.408428
-0.642252
-0.761801
-0.775863
-0.765261
-0.791394
-0.747052
-0.661086
0.173682
0.788448
0.852431
0.610318
0.607935
0.768847
0.949743
0.945537
0.952044
0.944046
0.940732
0.943331
0.96381
0.918505
0.541579
0.568479
0.547199
0.630468
0.632935
0.794634
0.688339
0.656302
0.474076
0.358829
0.40196
0.291754
0.278961
0.404859
0.26591
0.231731
0.43201
0.370248
0.567275
0.397185
0.26793
0.445538
0.326654
0.523799
0.567806
0.427305
0.430963
0.662159
0.281637
0.453867
0.469054
0.317052
