0
0.00736275
0.115461
0.175591
0.0446713
0.161632
0.141722
0.119336
0.174932
0.138694
0.178063
0.0172062
0.0798005
0.0737646
0.124063
0.118983
0.0212076
0.126626
0.107622
0.0654417
0.233785
0.202956
0.0976681
0.180518
0.209408
0.184123
0.27749
0.210285
0.306502
0.638724
0.796118
0.869796
0.890398
0.89248
0.887911
0.889979
0.897997
0.931127
0.935403
0.934263
0.921954
0.495262
0.217185
0.179653
0.128044
0.215843
0.654656
0.77995
0.663916
0.872546
0.906547
0.914246
0.910792
0.907962
0.898585
0.87444
0.819327
0.170044
0.294134
0.289719
0.831614
0.885921
0.871041
0.875307
0.899165
0.89612
0.846785
0.829579
0.816485
0.841109
0.843153
0.840523
0.830251
0.784198
0.715226
0.345218
0.332779
0.200552
0.281486
0.183068
0.261932
0.432537
0.630016
0.745524
0.875652
0.890974
0.880675
0.883112
0.85031
0.707828
0.201801
0.190225
0.0908257
0.189575
0.140514
0.175475
0.212441
0.171171
0.165385
0.239813
0.55036
0.871541
0.873119
0.891174
0.885943
0.877243
0.854619
0.779357
0.672144
0.0491063
-0.0612197
0.207813
0.026993
0.203984
0.178335
0.557871
0.802238
0.725161
0.237372
0.230131
0.226033
0.18555
0.20224
0.155544
0.167581
0.0628949
0.0584369
0.133482
0.120687
0.675567
0.760128
0.748894
0.648909
0.602855
0.453418
0.608687
0.514994
0.523343
0.102812
0.00181402
0.0703703
0.212165
0.156883
0.281467
0.203837
0.328761
0.388859
0.77689
0.867396
0.880671
0.817243
0.792505
0.803434
0.81996
0.850581
0.845844
0.857731
0.857253
0.859108
0.859937
0.857968
0.863311
0.800849
0.229624
0.154198
0.0788342
0.00828394
0.279832
0.405288
0.418222
0.299054
0.841231
0.882707
0.890114
0.883275
0.872152
0.85954
0.76973
0.421924
0.445883
0.794067
0.619819
0.431605
0.457122
0.257074
0.16784
0.304965
0.376387
0.410136
0.157531
0.242883
0.652796
0.853878
0.880684
0.863259
0.872886
0.851942
0.824804
0.720913
0.201307
0.474682
0.0857909
0.157239
0.218112
0.202494
0.483743
0.309416
0.656711
0.834515
0.863929
0.855759
0.506214
0.149377
0.213884
0.155741
0.159651
0.255284
0.218803
0.226856
0.265226
0.452607
-0.0123496
0.0478816
0.356493
0.324713
0.731451
0.83072
0.825834
0.82591
0.820473
0.812048
0.805633
0.722558
0.216814
0.213753
0.208824
0.27081
0.144232
0.273601
0.253948
0.0742804
0.112019
0.128351
0.0875486
0.103228
0.117114
0.0429466
0.158644
0.10936
0.104444
0.0940866
0.082506
0.109413
0.192034
0.042596
0.16551
0.0951006
0.016287
0.15368
0.0115989
0.000336163
0.0996773
0.0547972
0.0558888
0.0966728
